20230103
20230112
20230130
20230208
20230217
20230228
20230309
20230320
20230329
20230410
20230419
20230428
20230512
20230523
20230601
20230612
20230621
20230704
20230713
20230724
20230802
20230811
20230822
20230831
20230911
20230920
20231009
20231018
20231027
20231107
20231116
20231127
20231206
20231215
20231226
20240105
20240116
20240125
20240205
20240222
20240304
20240313
20240322
20240402
20240415
20240424
20240508
20240517
20240528
20240606
20240618
20240627
20240708
20240717
20240726
20240806
20240815
20240826
20240904
20240913
20240926
20241014
20241023
20241101
20241112
20241121
20241202
20241211
20241220
20241231
20250110
20250121
20250207
20250218
20250227
20250310
20250319
20250328
20250409
20250418
20250429
20250513
20250522
20250603
20250612
20250623
20250702
20250711
20250722
20250731
